Phase 2 results  (target val ppl = 45)
Init check: OK -- every arm at a given seed started from a bit-identical initialization
Token budget per run: 65,536,000 (4000 steps x 16,384 tokens)
==============================================================================

            arm  n_seeds  final_ppl_mean  final_ppl_sd  steps_to_target_mean  steps_to_target_sd  wall_to_target_mean  train_wall_mean  peak_vram_mean  disp_attn  disp_ffn
       baseline        6          40.542         0.329              2915.320              47.832              381.489          523.010           7.404      1.025     1.021
     attn-first        6          41.633         0.813              3096.032             165.357              405.392          523.354           7.404      1.122     0.967
    attn-second        6          40.160         0.155              2773.677              23.420              363.017          523.684           7.404      0.995     1.285
 attn-first-lrm        6          41.070         0.601              2992.879             103.459              389.218          520.161           7.404      1.069     1.012
attn-second-lrm        6          40.212         0.167              2788.254              21.699              365.445          523.206           7.404      1.022     1.180
    alternating        3          40.655         0.555              2914.116              85.102              385.283          530.310           7.404      1.047     1.071
    attn-freeze        3          53.906         0.556                   NaN                 NaN                  NaN          511.838           7.404      0.536     0.974

Per-run detail:

            arm  seed  final_val_ppl  steps_to_target  wall_to_target  train_wall_s  peak_vram_gb  disp_attn  disp_ffn
       baseline     0         40.415         2901.697         381.193       525.873         7.404      1.026     1.023
       baseline     1         40.291         2877.636         376.552       523.335         7.404      1.030     1.019
       baseline     2         40.630         2936.052         386.243       525.702         7.404      1.024     1.018
       baseline     3         40.377         2890.592         376.861       520.995         7.404      1.020     1.025
       baseline     4         40.371         2882.709         375.077       520.150         7.404      1.030     1.025
       baseline     5         41.172         3003.234         393.008       522.006         7.404      1.020     1.013
     attn-first     0         41.432         3061.317         401.888       523.842         7.404      1.128     0.972
     attn-first     1         40.488         2887.082         378.252       522.948         7.404      1.118     0.969
     attn-first     2         42.934         3385.637         444.848       524.354         7.404      1.123     0.964
     attn-first     3         41.313         3030.229         395.932       521.883         7.404      1.115     0.964
     attn-first     4         41.602         3064.423         400.887       523.509         7.404      1.124     0.963
     attn-first     5         42.030         3147.506         410.544       523.590         7.404      1.125     0.971
    attn-second     0         40.190         2751.350         360.353       523.535         7.404      0.986     1.290
    attn-second     1         40.048         2764.846         359.921       522.342         7.404      0.994     1.284
    attn-second     2         40.094         2760.099         361.167       523.448         7.404      0.988     1.287
    attn-second     3         39.960         2762.703         364.036       525.334         7.404      1.007     1.289
    attn-second     4         40.315         2789.094         365.366       524.135         7.404      0.996     1.286
    attn-second     5         40.354         2813.970         367.261       523.308         7.404      0.998     1.276
 attn-first-lrm     0         41.027         2993.050         393.864       525.149         7.404      1.067     1.015
 attn-first-lrm     1         40.448         2889.146         374.088       517.768         7.404      1.072     1.012
 attn-first-lrm     2         41.309         3036.639         393.208       521.264         7.404      1.062     1.008
 attn-first-lrm     3         40.428         2883.821         378.305       522.586         7.404      1.069     1.015
 attn-first-lrm     4         41.173         2991.602         386.896       517.202         7.404      1.075     1.013
 attn-first-lrm     5         42.037         3163.019         408.947       516.994         7.404      1.070     1.010
attn-second-lrm     0         40.287         2787.083         373.832       531.948         7.404      1.018     1.185
attn-second-lrm     1         40.025         2758.489         357.267       517.591         7.404      1.034     1.179
attn-second-lrm     2         40.186         2783.244         370.429       532.008         7.404      1.013     1.181
attn-second-lrm     3         40.049         2780.425         360.453       518.135         7.404      1.023     1.185
attn-second-lrm     4         40.252         2795.609         361.622       517.138         7.404      1.026     1.179
attn-second-lrm     5         40.476         2824.674         369.065       522.417         7.404      1.020     1.171
    alternating     0         40.401         2876.745         379.454       526.455         7.404      1.049     1.072
    alternating     1         40.271         2854.093         374.964       525.765         7.404      1.048     1.074
    alternating     2         41.292         3011.509         401.430       538.710         7.404      1.044     1.066
    attn-freeze     0         54.061              NaN             NaN       502.553         7.404      0.530     0.976
    attn-freeze     1         53.290              NaN             NaN       504.618         7.404      0.540     0.974
    attn-freeze     2         54.369              NaN             NaN       528.343         7.404      0.536     0.971
